{
 "cells": [
  {
   "cell_type": "code",
   "execution_count": 1,
   "metadata": {},
   "outputs": [
    {
     "name": "stdout",
     "output_type": "stream",
     "text": [
      "Route for vehicle 0:\n",
      " 0 ->  8 ->  6 ->  2 ->  5 -> 0\n",
      "Distance of the route: 1552m\n",
      "\n",
      "Route for vehicle 1:\n",
      " 0 ->  7 ->  1 ->  4 ->  3 -> 0\n",
      "Distance of the route: 1552m\n",
      "\n",
      "Route for vehicle 2:\n",
      " 0 ->  9 ->  10 ->  16 ->  14 -> 0\n",
      "Distance of the route: 1552m\n",
      "\n",
      "Route for vehicle 3:\n",
      " 0 ->  12 ->  11 ->  15 ->  13 -> 0\n",
      "Distance of the route: 1552m\n",
      "\n",
      "Maximum of the route distances: 1552m\n"
     ]
    }
   ],
   "source": [
    "from __future__ import print_function\n",
    "from ortools.constraint_solver import routing_enums_pb2\n",
    "from ortools.constraint_solver import pywrapcp\n",
    "\n",
    "\n",
    "def create_data_model():\n",
    "    \"\"\"Stores the data for the problem.\"\"\"\n",
    "    data = {}\n",
    "    data['distance_matrix'] = [\n",
    "        [\n",
    "            0, 548, 776, 696, 582, 274, 502, 194, 308, 194, 536, 502, 388, 354,\n",
    "            468, 776, 662\n",
    "        ],\n",
    "        [\n",
    "            548, 0, 684, 308, 194, 502, 730, 354, 696, 742, 1084, 594, 480, 674,\n",
    "            1016, 868, 1210\n",
    "        ],\n",
    "        [\n",
    "            776, 684, 0, 992, 878, 502, 274, 810, 468, 742, 400, 1278, 1164,\n",
    "            1130, 788, 1552, 754\n",
    "        ],\n",
    "        [\n",
    "            696, 308, 992, 0, 114, 650, 878, 502, 844, 890, 1232, 514, 628, 822,\n",
    "            1164, 560, 1358\n",
    "        ],\n",
    "        [\n",
    "            582, 194, 878, 114, 0, 536, 764, 388, 730, 776, 1118, 400, 514, 708,\n",
    "            1050, 674, 1244\n",
    "        ],\n",
    "        [\n",
    "            274, 502, 502, 650, 536, 0, 228, 308, 194, 240, 582, 776, 662, 628,\n",
    "            514, 1050, 708\n",
    "        ],\n",
    "        [\n",
    "            502, 730, 274, 878, 764, 228, 0, 536, 194, 468, 354, 1004, 890, 856,\n",
    "            514, 1278, 480\n",
    "        ],\n",
    "        [\n",
    "            194, 354, 810, 502, 388, 308, 536, 0, 342, 388, 730, 468, 354, 320,\n",
    "            662, 742, 856\n",
    "        ],\n",
    "        [\n",
    "            308, 696, 468, 844, 730, 194, 194, 342, 0, 274, 388, 810, 696, 662,\n",
    "            320, 1084, 514\n",
    "        ],\n",
    "        [\n",
    "            194, 742, 742, 890, 776, 240, 468, 388, 274, 0, 342, 536, 422, 388,\n",
    "            274, 810, 468\n",
    "        ],\n",
    "        [\n",
    "            536, 1084, 400, 1232, 1118, 582, 354, 730, 388, 342, 0, 878, 764,\n",
    "            730, 388, 1152, 354\n",
    "        ],\n",
    "        [\n",
    "            502, 594, 1278, 514, 400, 776, 1004, 468, 810, 536, 878, 0, 114,\n",
    "            308, 650, 274, 844\n",
    "        ],\n",
    "        [\n",
    "            388, 480, 1164, 628, 514, 662, 890, 354, 696, 422, 764, 114, 0, 194,\n",
    "            536, 388, 730\n",
    "        ],\n",
    "        [\n",
    "            354, 674, 1130, 822, 708, 628, 856, 320, 662, 388, 730, 308, 194, 0,\n",
    "            342, 422, 536\n",
    "        ],\n",
    "        [\n",
    "            468, 1016, 788, 1164, 1050, 514, 514, 662, 320, 274, 388, 650, 536,\n",
    "            342, 0, 764, 194\n",
    "        ],\n",
    "        [\n",
    "            776, 868, 1552, 560, 674, 1050, 1278, 742, 1084, 810, 1152, 274,\n",
    "            388, 422, 764, 0, 798\n",
    "        ],\n",
    "        [\n",
    "            662, 1210, 754, 1358, 1244, 708, 480, 856, 514, 468, 354, 844, 730,\n",
    "            536, 194, 798, 0\n",
    "        ],\n",
    "    ]\n",
    "    data['num_vehicles'] = 4\n",
    "    data['depot'] = 0\n",
    "    return data\n",
    "\n",
    "\n",
    "def print_solution(data, manager, routing, solution):\n",
    "    \"\"\"Prints solution on console.\"\"\"\n",
    "    max_route_distance = 0\n",
    "    for vehicle_id in range(data['num_vehicles']):\n",
    "        index = routing.Start(vehicle_id)\n",
    "        plan_output = 'Route for vehicle {}:\\n'.format(vehicle_id)\n",
    "        route_distance = 0\n",
    "        while not routing.IsEnd(index):\n",
    "            plan_output += ' {} -> '.format(manager.IndexToNode(index))\n",
    "            previous_index = index\n",
    "            index = solution.Value(routing.NextVar(index))\n",
    "            route_distance += routing.GetArcCostForVehicle(\n",
    "                previous_index, index, vehicle_id)\n",
    "        plan_output += '{}\\n'.format(manager.IndexToNode(index))\n",
    "        plan_output += 'Distance of the route: {}m\\n'.format(route_distance)\n",
    "        print(plan_output)\n",
    "        max_route_distance = max(route_distance, max_route_distance)\n",
    "    print('Maximum of the route distances: {}m'.format(max_route_distance))\n",
    "\n",
    "\n",
    "\n",
    "\n",
    "def main():\n",
    "    \"\"\"Solve the CVRP problem.\"\"\"\n",
    "    # Instantiate the data problem.\n",
    "    data = create_data_model()\n",
    "\n",
    "    # Create the routing index manager.\n",
    "    manager = pywrapcp.RoutingIndexManager(\n",
    "        len(data['distance_matrix']), data['num_vehicles'], data['depot'])\n",
    "\n",
    "    # Create Routing Model.\n",
    "    routing = pywrapcp.RoutingModel(manager)\n",
    "\n",
    "\n",
    "    # Create and register a transit callback.\n",
    "    def distance_callback(from_index, to_index):\n",
    "        \"\"\"Returns the distance between the two nodes.\"\"\"\n",
    "        # Convert from routing variable Index to distance matrix NodeIndex.\n",
    "        from_node = manager.IndexToNode(from_index)\n",
    "        to_node = manager.IndexToNode(to_index)\n",
    "        return data['distance_matrix'][from_node][to_node]\n",
    "\n",
    "    transit_callback_index = routing.RegisterTransitCallback(distance_callback)\n",
    "\n",
    "    # Define cost of each arc.\n",
    "    routing.SetArcCostEvaluatorOfAllVehicles(transit_callback_index)\n",
    "\n",
    "    # Add Distance constraint.\n",
    "    dimension_name = 'Distance'\n",
    "    routing.AddDimension(\n",
    "        transit_callback_index,\n",
    "        0,  # no slack\n",
    "        3000,  # vehicle maximum travel distance\n",
    "        True,  # start cumul to zero\n",
    "        dimension_name)\n",
    "    distance_dimension = routing.GetDimensionOrDie(dimension_name)\n",
    "    distance_dimension.SetGlobalSpanCostCoefficient(100)\n",
    "\n",
    "    # Setting first solution heuristic.\n",
    "    search_parameters = pywrapcp.DefaultRoutingSearchParameters()\n",
    "    search_parameters.first_solution_strategy = (\n",
    "        routing_enums_pb2.FirstSolutionStrategy.PATH_CHEAPEST_ARC)\n",
    "\n",
    "    # Solve the problem.\n",
    "    solution = routing.SolveWithParameters(search_parameters)\n",
    "\n",
    "    # Print solution on console.\n",
    "    if solution:\n",
    "        print_solution(data, manager, routing, solution)\n",
    "\n",
    "\n",
    "if __name__ == '__main__':\n",
    "    main()"
   ]
  },
  {
   "cell_type": "code",
   "execution_count": 1,
   "metadata": {},
   "outputs": [
    {
     "name": "stdout",
     "output_type": "stream",
     "text": [
      "Route for vehicle 0:\n",
      " 0 Load(0) ->  1 Load(1) ->  4 Load(5) ->  3 Load(7) ->  15 Load(15) ->  0 Load(15)\n",
      "Distance of the route: 2192m\n",
      "Load of the route: 15\n",
      "\n",
      "Route for vehicle 1:\n",
      " 0 Load(0) ->  14 Load(4) ->  16 Load(12) ->  10 Load(14) ->  2 Load(15) ->  0 Load(15)\n",
      "Distance of the route: 2192m\n",
      "Load of the route: 15\n",
      "\n",
      "Route for vehicle 2:\n",
      " 0 Load(0) ->  7 Load(8) ->  13 Load(12) ->  12 Load(14) ->  11 Load(15) ->  0 Load(15)\n",
      "Distance of the route: 1324m\n",
      "Load of the route: 15\n",
      "\n",
      "Route for vehicle 3:\n",
      " 0 Load(0) ->  9 Load(1) ->  8 Load(9) ->  6 Load(13) ->  5 Load(15) ->  0 Load(15)\n",
      "Distance of the route: 1164m\n",
      "Load of the route: 15\n",
      "\n",
      "Total distance of all routes: 6872m\n",
      "Total load of all routes: 60\n"
     ]
    }
   ],
   "source": [
    "from __future__ import print_function\n",
    "from ortools.constraint_solver import routing_enums_pb2\n",
    "from ortools.constraint_solver import pywrapcp\n",
    "\n",
    "\n",
    "def create_data_model():\n",
    "    \"\"\"Stores the data for the problem.\"\"\"\n",
    "    data = {}\n",
    "    data['distance_matrix'] = [\n",
    "        [\n",
    "            0, 548, 776, 696, 582, 274, 502, 194, 308, 194, 536, 502, 388, 354,\n",
    "            468, 776, 662\n",
    "        ],\n",
    "        [\n",
    "            548, 0, 684, 308, 194, 502, 730, 354, 696, 742, 1084, 594, 480, 674,\n",
    "            1016, 868, 1210\n",
    "        ],\n",
    "        [\n",
    "            776, 684, 0, 992, 878, 502, 274, 810, 468, 742, 400, 1278, 1164,\n",
    "            1130, 788, 1552, 754\n",
    "        ],\n",
    "        [\n",
    "            696, 308, 992, 0, 114, 650, 878, 502, 844, 890, 1232, 514, 628, 822,\n",
    "            1164, 560, 1358\n",
    "        ],\n",
    "        [\n",
    "            582, 194, 878, 114, 0, 536, 764, 388, 730, 776, 1118, 400, 514, 708,\n",
    "            1050, 674, 1244\n",
    "        ],\n",
    "        [\n",
    "            274, 502, 502, 650, 536, 0, 228, 308, 194, 240, 582, 776, 662, 628,\n",
    "            514, 1050, 708\n",
    "        ],\n",
    "        [\n",
    "            502, 730, 274, 878, 764, 228, 0, 536, 194, 468, 354, 1004, 890, 856,\n",
    "            514, 1278, 480\n",
    "        ],\n",
    "        [\n",
    "            194, 354, 810, 502, 388, 308, 536, 0, 342, 388, 730, 468, 354, 320,\n",
    "            662, 742, 856\n",
    "        ],\n",
    "        [\n",
    "            308, 696, 468, 844, 730, 194, 194, 342, 0, 274, 388, 810, 696, 662,\n",
    "            320, 1084, 514\n",
    "        ],\n",
    "        [\n",
    "            194, 742, 742, 890, 776, 240, 468, 388, 274, 0, 342, 536, 422, 388,\n",
    "            274, 810, 468\n",
    "        ],\n",
    "        [\n",
    "            536, 1084, 400, 1232, 1118, 582, 354, 730, 388, 342, 0, 878, 764,\n",
    "            730, 388, 1152, 354\n",
    "        ],\n",
    "        [\n",
    "            502, 594, 1278, 514, 400, 776, 1004, 468, 810, 536, 878, 0, 114,\n",
    "            308, 650, 274, 844\n",
    "        ],\n",
    "        [\n",
    "            388, 480, 1164, 628, 514, 662, 890, 354, 696, 422, 764, 114, 0, 194,\n",
    "            536, 388, 730\n",
    "        ],\n",
    "        [\n",
    "            354, 674, 1130, 822, 708, 628, 856, 320, 662, 388, 730, 308, 194, 0,\n",
    "            342, 422, 536\n",
    "        ],\n",
    "        [\n",
    "            468, 1016, 788, 1164, 1050, 514, 514, 662, 320, 274, 388, 650, 536,\n",
    "            342, 0, 764, 194\n",
    "        ],\n",
    "        [\n",
    "            776, 868, 1552, 560, 674, 1050, 1278, 742, 1084, 810, 1152, 274,\n",
    "            388, 422, 764, 0, 798\n",
    "        ],\n",
    "        [\n",
    "            662, 1210, 754, 1358, 1244, 708, 480, 856, 514, 468, 354, 844, 730,\n",
    "            536, 194, 798, 0\n",
    "        ],\n",
    "    ]\n",
    "    data['demands'] = [0, 1, 1, 2, 4, 2, 4, 8, 8, 1, 2, 1, 2, 4, 4, 8, 8]\n",
    "    data['vehicle_capacities'] = [15, 15, 15, 15]\n",
    "    data['num_vehicles'] = 4\n",
    "    data['depot'] = 0\n",
    "    return data\n",
    "\n",
    "\n",
    "def print_solution(data, manager, routing, assignment):\n",
    "    \"\"\"Prints assignment on console.\"\"\"\n",
    "    total_distance = 0\n",
    "    total_load = 0\n",
    "    for vehicle_id in range(data['num_vehicles']):\n",
    "        index = routing.Start(vehicle_id)\n",
    "        plan_output = 'Route for vehicle {}:\\n'.format(vehicle_id)\n",
    "        route_distance = 0\n",
    "        route_load = 0\n",
    "        while not routing.IsEnd(index):\n",
    "            node_index = manager.IndexToNode(index)\n",
    "            route_load += data['demands'][node_index]\n",
    "            plan_output += ' {0} Load({1}) -> '.format(node_index, route_load)\n",
    "            previous_index = index\n",
    "            index = assignment.Value(routing.NextVar(index))\n",
    "            route_distance += routing.GetArcCostForVehicle(\n",
    "                previous_index, index, vehicle_id)\n",
    "        plan_output += ' {0} Load({1})\\n'.format(\n",
    "            manager.IndexToNode(index), route_load)\n",
    "        plan_output += 'Distance of the route: {}m\\n'.format(route_distance)\n",
    "        plan_output += 'Load of the route: {}\\n'.format(route_load)\n",
    "        print(plan_output)\n",
    "        total_distance += route_distance\n",
    "        total_load += route_load\n",
    "    print('Total distance of all routes: {}m'.format(total_distance))\n",
    "    print('Total load of all routes: {}'.format(total_load))\n",
    "\n",
    "\n",
    "def main():\n",
    "    \"\"\"Solve the CVRP problem.\"\"\"\n",
    "    # Instantiate the data problem.\n",
    "    data = create_data_model()\n",
    "\n",
    "    # Create the routing index manager.\n",
    "    manager = pywrapcp.RoutingIndexManager(\n",
    "        len(data['distance_matrix']), data['num_vehicles'], data['depot'])\n",
    "\n",
    "    # Create Routing Model.\n",
    "    routing = pywrapcp.RoutingModel(manager)\n",
    "\n",
    "\n",
    "    # Create and register a transit callback.\n",
    "    def distance_callback(from_index, to_index):\n",
    "        \"\"\"Returns the distance between the two nodes.\"\"\"\n",
    "        # Convert from routing variable Index to distance matrix NodeIndex.\n",
    "        from_node = manager.IndexToNode(from_index)\n",
    "        to_node = manager.IndexToNode(to_index)\n",
    "        return data['distance_matrix'][from_node][to_node]\n",
    "\n",
    "    transit_callback_index = routing.RegisterTransitCallback(distance_callback)\n",
    "\n",
    "    # Define cost of each arc.\n",
    "    routing.SetArcCostEvaluatorOfAllVehicles(transit_callback_index)\n",
    "\n",
    "\n",
    "    # Add Capacity constraint.\n",
    "    def demand_callback(from_index):\n",
    "        \"\"\"Returns the demand of the node.\"\"\"\n",
    "        # Convert from routing variable Index to demands NodeIndex.\n",
    "        from_node = manager.IndexToNode(from_index)\n",
    "        return data['demands'][from_node]\n",
    "\n",
    "    demand_callback_index = routing.RegisterUnaryTransitCallback(\n",
    "        demand_callback)\n",
    "    routing.AddDimensionWithVehicleCapacity(\n",
    "        demand_callback_index,\n",
    "        0,  # null capacity slack\n",
    "        data['vehicle_capacities'],  # vehicle maximum capacities\n",
    "        True,  # start cumul to zero\n",
    "        'Capacity')\n",
    "\n",
    "    # Setting first solution heuristic.\n",
    "    search_parameters = pywrapcp.DefaultRoutingSearchParameters()\n",
    "    search_parameters.first_solution_strategy = (\n",
    "        routing_enums_pb2.FirstSolutionStrategy.PATH_CHEAPEST_ARC)\n",
    "\n",
    "    # Solve the problem.\n",
    "    assignment = routing.SolveWithParameters(search_parameters)\n",
    "\n",
    "    # Print solution on console.\n",
    "    if assignment:\n",
    "        print_solution(data, manager, routing, assignment)\n",
    "\n",
    "\n",
    "if __name__ == '__main__':\n",
    "    main()"
   ]
  },
  {
   "cell_type": "code",
   "execution_count": null,
   "metadata": {},
   "outputs": [],
   "source": []
  },
  {
   "cell_type": "code",
   "execution_count": 1,
   "metadata": {
    "scrolled": true
   },
   "outputs": [
    {
     "name": "stdout",
     "output_type": "stream",
     "text": [
      "Route for vehicle 0:\n",
      " 0 ->  13 ->  15 ->  11 ->  12 -> 0\n",
      "Distance of the route: 1552m\n",
      "\n",
      "Route for vehicle 1:\n",
      " 0 ->  5 ->  2 ->  10 ->  16 ->  14 ->  9 -> 0\n",
      "Distance of the route: 2192m\n",
      "\n",
      "Route for vehicle 2:\n",
      " 0 ->  4 ->  3 -> 0\n",
      "Distance of the route: 1392m\n",
      "\n",
      "Route for vehicle 3:\n",
      " 0 ->  7 ->  1 ->  6 ->  8 -> 0\n",
      "Distance of the route: 1780m\n",
      "\n",
      "Total Distance of all routes: 6916m\n"
     ]
    }
   ],
   "source": [
    "from __future__ import print_function\n",
    "from ortools.constraint_solver import routing_enums_pb2\n",
    "from ortools.constraint_solver import pywrapcp\n",
    "\n",
    "\n",
    "def create_data_model():\n",
    "    \"\"\"Stores the data for the problem.\"\"\"\n",
    "    data = {}\n",
    "    data['distance_matrix'] = [\n",
    "        [\n",
    "            0, 548, 776, 696, 582, 274, 502, 194, 308, 194, 536, 502, 388, 354,\n",
    "            468, 776, 662\n",
    "        ],\n",
    "        [\n",
    "            548, 0, 684, 308, 194, 502, 730, 354, 696, 742, 1084, 594, 480, 674,\n",
    "            1016, 868, 1210\n",
    "        ],\n",
    "        [\n",
    "            776, 684, 0, 992, 878, 502, 274, 810, 468, 742, 400, 1278, 1164,\n",
    "            1130, 788, 1552, 754\n",
    "        ],\n",
    "        [\n",
    "            696, 308, 992, 0, 114, 650, 878, 502, 844, 890, 1232, 514, 628, 822,\n",
    "            1164, 560, 1358\n",
    "        ],\n",
    "        [\n",
    "            582, 194, 878, 114, 0, 536, 764, 388, 730, 776, 1118, 400, 514, 708,\n",
    "            1050, 674, 1244\n",
    "        ],\n",
    "        [\n",
    "            274, 502, 502, 650, 536, 0, 228, 308, 194, 240, 582, 776, 662, 628,\n",
    "            514, 1050, 708\n",
    "        ],\n",
    "        [\n",
    "            502, 730, 274, 878, 764, 228, 0, 536, 194, 468, 354, 1004, 890, 856,\n",
    "            514, 1278, 480\n",
    "        ],\n",
    "        [\n",
    "            194, 354, 810, 502, 388, 308, 536, 0, 342, 388, 730, 468, 354, 320,\n",
    "            662, 742, 856\n",
    "        ],\n",
    "        [\n",
    "            308, 696, 468, 844, 730, 194, 194, 342, 0, 274, 388, 810, 696, 662,\n",
    "            320, 1084, 514\n",
    "        ],\n",
    "        [\n",
    "            194, 742, 742, 890, 776, 240, 468, 388, 274, 0, 342, 536, 422, 388,\n",
    "            274, 810, 468\n",
    "        ],\n",
    "        [\n",
    "            536, 1084, 400, 1232, 1118, 582, 354, 730, 388, 342, 0, 878, 764,\n",
    "            730, 388, 1152, 354\n",
    "        ],\n",
    "        [\n",
    "            502, 594, 1278, 514, 400, 776, 1004, 468, 810, 536, 878, 0, 114,\n",
    "            308, 650, 274, 844\n",
    "        ],\n",
    "        [\n",
    "            388, 480, 1164, 628, 514, 662, 890, 354, 696, 422, 764, 114, 0, 194,\n",
    "            536, 388, 730\n",
    "        ],\n",
    "        [\n",
    "            354, 674, 1130, 822, 708, 628, 856, 320, 662, 388, 730, 308, 194, 0,\n",
    "            342, 422, 536\n",
    "        ],\n",
    "        [\n",
    "            468, 1016, 788, 1164, 1050, 514, 514, 662, 320, 274, 388, 650, 536,\n",
    "            342, 0, 764, 194\n",
    "        ],\n",
    "        [\n",
    "            776, 868, 1552, 560, 674, 1050, 1278, 742, 1084, 810, 1152, 274,\n",
    "            388, 422, 764, 0, 798\n",
    "        ],\n",
    "        [\n",
    "            662, 1210, 754, 1358, 1244, 708, 480, 856, 514, 468, 354, 844, 730,\n",
    "            536, 194, 798, 0\n",
    "        ],\n",
    "    ]\n",
    "    data['pickups_deliveries'] = [\n",
    "        [1, 6],\n",
    "        [2, 10],\n",
    "        [4, 3],\n",
    "        [5, 9],\n",
    "        [7, 8],\n",
    "        [15, 11],\n",
    "        [13, 12],\n",
    "        [16, 14],\n",
    "    ]\n",
    "    data['num_vehicles'] = 4\n",
    "    data['depot'] = 0\n",
    "    return data\n",
    "\n",
    "\n",
    "def print_solution(data, manager, routing, assignment):\n",
    "    \"\"\"Prints assignment on console.\"\"\"\n",
    "    total_distance = 0\n",
    "    for vehicle_id in range(data['num_vehicles']):\n",
    "        index = routing.Start(vehicle_id)\n",
    "        plan_output = 'Route for vehicle {}:\\n'.format(vehicle_id)\n",
    "        route_distance = 0\n",
    "        while not routing.IsEnd(index):\n",
    "            plan_output += ' {} -> '.format(manager.IndexToNode(index))\n",
    "            previous_index = index\n",
    "            index = assignment.Value(routing.NextVar(index))\n",
    "            route_distance += routing.GetArcCostForVehicle(\n",
    "                previous_index, index, vehicle_id)\n",
    "        plan_output += '{}\\n'.format(manager.IndexToNode(index))\n",
    "        plan_output += 'Distance of the route: {}m\\n'.format(route_distance)\n",
    "        print(plan_output)\n",
    "        total_distance += route_distance\n",
    "    print('Total Distance of all routes: {}m'.format(total_distance))\n",
    "\n",
    "\n",
    "def main():\n",
    "    \"\"\"Entry point of the program.\"\"\"\n",
    "    # Instantiate the data problem.\n",
    "    data = create_data_model()\n",
    "\n",
    "    # Create the routing index manager.\n",
    "    manager = pywrapcp.RoutingIndexManager(\n",
    "        len(data['distance_matrix']), data['num_vehicles'], data['depot'])\n",
    "\n",
    "    # Create Routing Model.\n",
    "    routing = pywrapcp.RoutingModel(manager)\n",
    "\n",
    "\n",
    "    # Define cost of each arc.\n",
    "    def distance_callback(from_index, to_index):\n",
    "        \"\"\"Returns the manhattan distance between the two nodes.\"\"\"\n",
    "        # Convert from routing variable Index to distance matrix NodeIndex.\n",
    "        from_node = manager.IndexToNode(from_index)\n",
    "        to_node = manager.IndexToNode(to_index)\n",
    "        return data['distance_matrix'][from_node][to_node]\n",
    "\n",
    "    transit_callback_index = routing.RegisterTransitCallback(distance_callback)\n",
    "    routing.SetArcCostEvaluatorOfAllVehicles(transit_callback_index)\n",
    "\n",
    "    # Add Distance constraint.\n",
    "    dimension_name = 'Distance'\n",
    "    routing.AddDimension(\n",
    "        transit_callback_index,\n",
    "        0,  # no slack\n",
    "        3000,  # vehicle maximum travel distance\n",
    "        True,  # start cumul to zero\n",
    "        dimension_name)\n",
    "    distance_dimension = routing.GetDimensionOrDie(dimension_name)\n",
    "    distance_dimension.SetGlobalSpanCostCoefficient(100)\n",
    "\n",
    "    # Define Transportation Requests.\n",
    "    for request in data['pickups_deliveries']:\n",
    "        pickup_index = manager.NodeToIndex(request[0])\n",
    "        delivery_index = manager.NodeToIndex(request[1])\n",
    "        routing.AddPickupAndDelivery(pickup_index, delivery_index)\n",
    "        routing.solver().Add(\n",
    "            routing.VehicleVar(pickup_index) == routing.VehicleVar(\n",
    "                delivery_index))\n",
    "        routing.solver().Add(\n",
    "            distance_dimension.CumulVar(pickup_index) <=\n",
    "            distance_dimension.CumulVar(delivery_index))\n",
    "\n",
    "    # Setting first solution heuristic.\n",
    "    search_parameters = pywrapcp.DefaultRoutingSearchParameters()\n",
    "    search_parameters.first_solution_strategy = (\n",
    "        routing_enums_pb2.FirstSolutionStrategy.PARALLEL_CHEAPEST_INSERTION)\n",
    "\n",
    "    # Solve the problem.\n",
    "    assignment = routing.SolveWithParameters(search_parameters)\n",
    "\n",
    "    # Print solution on console.\n",
    "    if assignment:\n",
    "        print_solution(data, manager, routing, assignment)\n",
    "\n",
    "\n",
    "if __name__ == '__main__':\n",
    "    main()"
   ]
  },
  {
   "cell_type": "markdown",
   "metadata": {},
   "source": [
    "from __future__ import print_function\n",
    "from ortools.constraint_solver import routing_enums_pb2\n",
    "from ortools.constraint_solver import pywrapcp\n",
    "\n",
    "\n",
    "\n",
    "\n",
    "def create_data_model():\n",
    "    data = {}\n",
    "    data['time_matrix'] = [[0, 1, 1, 1, 1, 1, 1, 1, 1, 1, 1, 1, 1, 1, 1, 1, 1],\n",
    " [1, 0, 10, 10, 7, 13, 21, 21, 21, 23, 15, 22, 26, 15, 19, 13, 23],\n",
    " [1, 11, 0, 11, 12, 16, 23, 23, 23, 25, 17, 24, 28, 17, 15, 13, 24],\n",
    " [1, 10, 11, 0, 9, 15, 18, 19, 18, 20, 12, 20, 23, 13, 18, 7, 20],\n",
    " [1, 7, 11, 10, 0, 9, 21, 21, 21, 22, 14, 22, 25, 15, 18, 12, 22],\n",
    " [1, 13, 15, 14, 9, 0, 27, 28, 27, 29, 21, 29, 32, 21, 25, 11, 29],\n",
    " [1, 21, 23, 17, 19, 27, 0, 9, 11, 13, 9, 12, 16, 13, 18, 20, 17],\n",
    " [1, 22, 23, 17, 20, 27, 11, 0, 4, 11, 9, 8, 14, 14, 18, 18, 15],\n",
    " [1, 23, 24, 19, 21, 28, 11, 4, 0, 9, 10, 4, 13, 15, 19, 20, 13],\n",
    " [1, 23, 25, 19, 22, 29, 13, 11, 9, 0, 11, 9, 9, 16, 20, 19, 10],\n",
    " [1, 16, 17, 11, 14, 21, 12, 11, 10, 12, 0, 11, 15, 8, 13, 15, 16],\n",
    " [1, 23, 24, 19, 21, 28, 14, 8, 5, 10, 10, 0, 13, 15, 20, 20, 14],\n",
    " [1, 27, 28, 23, 25, 32, 17, 15, 12, 8, 14, 12, 0, 19, 23, 23, 16],\n",
    " [1, 14, 16, 10, 13, 20, 14, 14, 14, 16, 8, 15, 19, 0, 12, 13, 16],\n",
    " [1, 19, 16, 15, 18, 25, 18, 18, 18, 20, 13, 19, 23, 12, 0, 18, 21],\n",
    " [1, 12, 13, 7, 10, 11, 21, 20, 18, 20, 14, 20, 23, 14, 21, 0, 19],\n",
    " [1, 22, 24, 18, 21, 28, 17, 15, 13, 10, 14, 13, 16, 16, 21, 18, 0],]\n",
    "  \n",
    "    data['time_windows'] = [(0,1000),\n",
    " (330, 360),\n",
    " (375, 405),\n",
    " (375, 405),\n",
    " (390, 420),\n",
    " (390, 420),\n",
    " (405, 435),\n",
    " (420, 450),\n",
    " (420, 450),\n",
    " (330, 480),\n",
    " (375, 495),\n",
    " (375, 495),\n",
    " (390, 510),\n",
    " (390, 510),\n",
    " (405, 510),\n",
    " (420, 510),\n",
    " (420, 525),]\n",
    "\n",
    "    data['num_vehicles'] = 10\n",
    "    data['depot'] = 0\n",
    "    data['pickups_deliveries'] = [[1,9],[2,10],[3,11],[4,12],[5,13],[6,14],[7,15],[8,16]\n",
    "    ]\n",
    "    data['demands'] = [0,1,1,1,1,1,1,1,1,1,1,1,1,1,1,1,1]\n",
    "    data['vehicle_capacities'] = [1]*10\n",
    "\n",
    "    \n",
    "    \n",
    "    \n",
    "    \n",
    "    \n",
    "    return data"
   ]
  },
  {
   "cell_type": "code",
   "execution_count": 1,
   "metadata": {},
   "outputs": [],
   "source": [
    "\n",
    "from __future__ import print_function\n",
    "from ortools.constraint_solver import routing_enums_pb2\n",
    "from ortools.constraint_solver import pywrapcp\n",
    "\n",
    "\n",
    "\n",
    "\n",
    "def create_data_model(): \n",
    "    data = {} \n",
    "    data['time_matrix'] = [[0, 1, 1, 1, 1, 1, 1, 1, 1, 1, 1, 1, 1, 1, 1, 1, 1], [1, 0, 10, 10, 7, 13, 21, 21, 21, 23, 15, 22, 26, 15, 19, 13, 23], [1, 11, 0, 11, 12, 16, 23, 23, 23, 25, 17, 24, 28, 17, 15, 13, 24], [1, 10, 11, 0, 9, 15, 18, 19, 18, 20, 12, 20, 23, 13, 18, 7, 20], [1, 7, 11, 10, 0, 9, 21, 21, 21, 22, 14, 22, 25, 15, 18, 12, 22], [1, 13, 15, 14, 9, 0, 27, 28, 27, 29, 21, 29, 32, 21, 25, 11, 29], [1, 21, 23, 17, 19, 27, 0, 9, 11, 13, 9, 12, 16, 13, 18, 20, 17], [1, 22, 23, 17, 20, 27, 11, 0, 4, 11, 9, 8, 14, 14, 18, 18, 15], [1, 23, 24, 19, 21, 28, 11, 4, 0, 9, 10, 4, 13, 15, 19, 20, 13], [1, 23, 25, 19, 22, 29, 13, 11, 9, 0, 11, 9, 9, 16, 20, 19, 10], [1, 16, 17, 11, 14, 21, 12, 11, 10, 12, 0, 11, 15, 8, 13, 15, 16], [1, 23, 24, 19, 21, 28, 14, 8, 5, 10, 10, 0, 13, 15, 20, 20, 14], [1, 27, 28, 23, 25, 32, 17, 15, 12, 8, 14, 12, 0, 19, 23, 23, 16], [1, 14, 16, 10, 13, 20, 14, 14, 14, 16, 8, 15, 19, 0, 12, 13, 16], [1, 19, 16, 15, 18, 25, 18, 18, 18, 20, 13, 19, 23, 12, 0, 18, 21], [1, 12, 13, 7, 10, 11, 21, 20, 18, 20, 14, 20, 23, 14, 21, 0, 19], [1, 22, 24, 18, 21, 28, 17, 15, 13, 10, 14, 13, 16, 16, 21, 18, 0],]\n",
    "    data['time_windows'] = [(0,1000),\n",
    "        (330, 360),\n",
    " (375, 405),\n",
    " (375, 405),\n",
    " (390, 420),\n",
    " (390, 420),\n",
    " (405, 435),\n",
    " (420, 450),\n",
    " (420, 450),\n",
    " (330, 390),\n",
    " (375, 435),\n",
    " (375, 435),\n",
    " (390, 450),\n",
    " (390, 450),\n",
    " (405, 465),\n",
    " (420, 480),\n",
    " (420, 480)]\n",
    "    data['num_vehicles'] = 4\n",
    "    data['depot'] = 0\n",
    "    data['pickups_deliveries'] = [[1,9],[2,10],[3,11],[4,12],[5,13],[6,14],[7,15],[8,16]\n",
    "]\n",
    "    data['demands'] = [0,1,1,1,1,1,1,1,1,-1,-1,-1,-1,-1,-1,-1,-1]\n",
    "    data['vehicle_capacities'] = [2]*4\n",
    "    return data"
   ]
  },
  {
   "cell_type": "code",
   "execution_count": 2,
   "metadata": {},
   "outputs": [
    {
     "name": "stdout",
     "output_type": "stream",
     "text": [
      "Route for vehicle 0:\n",
      "0 Time(0,0) -> 2 Time(375,381) -> 3 Time(386,392) -> 10 Time(398,404) -> 11 Time(409,415) -> 8 Time(420,420) -> 7 Time(424,424) -> 16 Time(439,439) -> 15 Time(457,457) -> 0 Time(458,458)\n",
      "Time of the route: 458min\n",
      "\n",
      "Route for vehicle 1:\n",
      "0 Time(0,0) -> 5 Time(390,390) -> 4 Time(399,399) -> 13 Time(414,414) -> 12 Time(433,433) -> 0 Time(434,434)\n",
      "Time of the route: 434min\n",
      "\n",
      "Route for vehicle 2:\n",
      "0 Time(0,0) -> 6 Time(405,405) -> 14 Time(423,423) -> 0 Time(424,424)\n",
      "Time of the route: 424min\n",
      "\n",
      "Route for vehicle 3:\n",
      "0 Time(0,0) -> 1 Time(330,330) -> 9 Time(353,353) -> 0 Time(354,354)\n",
      "Time of the route: 354min\n",
      "\n",
      "Total time of all routes: 1670min\n",
      "Assignment(Time0 (0) | Time1 (330) | Time2 (375..381) | Time3 (386..392) | Time4 (399) | Time5 (390) | Time6 (405) | Time7 (424) | Time8 (420) | Time9 (353) | Time10 (398..404) | Time11 (409..415) | Time12 (433) | Time13 (414) | Time14 (423) | Time15 (457) | Time16 (439) | Time17 (0) | Time18 (0) | Time19 (0) | Time20 (458) | Time21 (434) | Time22 (424) | Time23 (354) | Capacity0 (0) | Capacity1 (0) | Capacity2 (0) | Capacity3 (1) | Capacity4 (1) | Capacity5 (0) | Capacity6 (0) | Capacity7 (1) | Capacity8 (0) | Capacity9 (1) | Capacity10 (2) | Capacity11 (1) | Capacity12 (1) | Capacity13 (2) | Capacity14 (1) | Capacity15 (1) | Capacity16 (2) | Capacity17 (0) | Capacity18 (0) | Capacity19 (0) | Capacity20 (0) | Capacity21 (0) | Capacity22 (0) | Capacity23 (0) | Nexts0 (2) | Nexts1 (9) | Nexts2 (3) | Nexts3 (10) | Nexts4 (13) | Nexts5 (4) | Nexts6 (14) | Nexts7 (16) | Nexts8 (7) | Nexts9 (23) | Nexts10 (11) | Nexts11 (8) | Nexts12 (21) | Nexts13 (12) | Nexts14 (22) | Nexts15 (20) | Nexts16 (15) | Nexts17 (5) | Nexts18 (6) | Nexts19 (1) | Active0 (1) | Active1 (1) | Active2 (1) | Active3 (1) | Active4 (1) | Active5 (1) | Active6 (1) | Active7 (1) | Active8 (1) | Active9 (1) | Active10 (1) | Active11 (1) | Active12 (1) | Active13 (1) | Active14 (1) | Active15 (1) | Active16 (1) | Active17 (1) | Active18 (1) | Active19 (1) | Vehicles0 (0) | Vehicles1 (3) | Vehicles2 (0) | Vehicles3 (0) | Vehicles4 (1) | Vehicles5 (1) | Vehicles6 (2) | Vehicles7 (0) | Vehicles8 (0) | Vehicles9 (3) | Vehicles10 (0) | Vehicles11 (0) | Vehicles12 (1) | Vehicles13 (1) | Vehicles14 (2) | Vehicles15 (0) | Vehicles16 (0) | Vehicles17 (1) | Vehicles18 (2) | Vehicles19 (3) | Vehicles20 (0) | Vehicles21 (1) | Vehicles22 (2) | Vehicles23 (3) | (168))\n"
     ]
    }
   ],
   "source": [
    "def print_solution(data, manager, routing, assignment):\n",
    "    \"\"\"Prints assignment on console.\"\"\"\n",
    "    time_dimension = routing.GetDimensionOrDie('Time')\n",
    "    total_time = 0\n",
    "    for vehicle_id in range(data['num_vehicles']):\n",
    "        index = routing.Start(vehicle_id)\n",
    "        plan_output = 'Route for vehicle {}:\\n'.format(vehicle_id)\n",
    "        while not routing.IsEnd(index):\n",
    "            time_var = time_dimension.CumulVar(index)\n",
    "            plan_output += '{0} Time({1},{2}) -> '.format(\n",
    "                manager.IndexToNode(index), assignment.Min(time_var),\n",
    "                assignment.Max(time_var))\n",
    "            index = assignment.Value(routing.NextVar(index))\n",
    "        time_var = time_dimension.CumulVar(index)\n",
    "        plan_output += '{0} Time({1},{2})\\n'.format(\n",
    "            manager.IndexToNode(index), assignment.Min(time_var),\n",
    "            assignment.Max(time_var))\n",
    "        plan_output += 'Time of the route: {}min\\n'.format(\n",
    "            assignment.Min(time_var))\n",
    "        print(plan_output)\n",
    "        total_time += assignment.Min(time_var)\n",
    "    print('Total time of all routes: {}min'.format(total_time))\n",
    "\n",
    "def main():\n",
    "    data = create_data_model()\n",
    "    manager = pywrapcp.RoutingIndexManager(\n",
    "        len(data['time_matrix']), data['num_vehicles'],data['depot'])\n",
    "    routing = pywrapcp.RoutingModel(manager)\n",
    "\n",
    "    def time_callback(from_index, to_index):\n",
    "        \"\"\"Returns the travel time between the two nodes.\"\"\"\n",
    "        # Convert from routing variable Index to time matrix NodeIndex.\n",
    "        from_node = manager.IndexToNode(from_index)\n",
    "        to_node = manager.IndexToNode(to_index)\n",
    "        return data['time_matrix'][from_node][to_node]\n",
    "\n",
    "    transit_callback_index = routing.RegisterTransitCallback(time_callback)\n",
    "    routing.SetArcCostEvaluatorOfAllVehicles(transit_callback_index)\n",
    "    time = 'Time'\n",
    "    routing.AddDimension(\n",
    "        transit_callback_index,\n",
    "        3000,  # allow waiting time\n",
    "        3000,  # maximum time per vehicle\n",
    "        False,  # Don't force start cumul to zero.\n",
    "        time)\n",
    "    time_dimension = routing.GetDimensionOrDie(time)\n",
    "    # Add time window constraints for each location except depot.\n",
    "   \n",
    "    for location_idx, time_window in enumerate(data['time_windows']):\n",
    "        if location_idx == 0:\n",
    "            continue\n",
    "        index = manager.NodeToIndex(location_idx)\n",
    "        time_dimension.CumulVar(index).SetRange(time_window[0], time_window[1])\n",
    "    # Add time window constraints for each vehicle start node.\n",
    "    for vehicle_id in range(data['num_vehicles']):\n",
    "        index = routing.Start(vehicle_id)\n",
    "        time_dimension.CumulVar(index).SetRange(data['time_windows'][0][0],\n",
    "                                                data['time_windows'][0][1])\n",
    "        \n",
    "        \n",
    "        \n",
    "    def demand_callback(from_index):\n",
    "        \"\"\"Returns the demand of the node.\"\"\"\n",
    "        # Convert from routing variable Index to demands NodeIndex.\n",
    "        from_node = manager.IndexToNode(from_index)\n",
    "        return data['demands'][from_node]\n",
    "\n",
    "    demand_callback_index = routing.RegisterUnaryTransitCallback(\n",
    "        demand_callback)\n",
    "    routing.AddDimensionWithVehicleCapacity(\n",
    "        demand_callback_index,\n",
    "        0,  # null capacity slack\n",
    "        data['vehicle_capacities'],  # vehicle maximum capacities\n",
    "        True,  # start cumul to zero\n",
    "        'Capacity')\n",
    "\n",
    "    for request in data['pickups_deliveries']:\n",
    "        pickup_index = manager.NodeToIndex(request[0])\n",
    "        delivery_index = manager.NodeToIndex(request[1])\n",
    "        routing.AddPickupAndDelivery(pickup_index, delivery_index)\n",
    "        routing.solver().Add(\n",
    "            routing.VehicleVar(pickup_index) == routing.VehicleVar(\n",
    "                delivery_index))\n",
    "        routing.solver().Add(\n",
    "            time_dimension.CumulVar(pickup_index) <=\n",
    "            time_dimension.CumulVar(delivery_index))\n",
    "    \n",
    "   \n",
    "  \n",
    "    \n",
    "    \n",
    "    for i in range(data['num_vehicles']):\n",
    "        routing.AddVariableMinimizedByFinalizer(\n",
    "            time_dimension.CumulVar(routing.Start(i)))\n",
    "        routing.AddVariableMinimizedByFinalizer(\n",
    "            time_dimension.CumulVar(routing.End(i)))\n",
    "    search_parameters = pywrapcp.DefaultRoutingSearchParameters()\n",
    "    search_parameters.first_solution_strategy = (\n",
    "        routing_enums_pb2.FirstSolutionStrategy.PATH_CHEAPEST_ARC)\n",
    "    assignment = routing.SolveWithParameters(search_parameters)\n",
    "    if assignment:\n",
    "        print_solution(data, manager, routing, assignment)\n",
    "    print(assignment)\n",
    "if __name__ == '__main__':\n",
    "    main()"
   ]
  },
  {
   "cell_type": "code",
   "execution_count": 7,
   "metadata": {},
   "outputs": [],
   "source": [
    "import pandas as pd\n",
    "cereal_df = pd.read_csv(\"MTA.csv\")"
   ]
  },
  {
   "cell_type": "code",
   "execution_count": 2,
   "metadata": {
    "scrolled": true
   },
   "outputs": [],
   "source": [
    "x=list(cereal_df['Pickup Street Address'][0:8])+list(cereal_df['Drop  off street address'][0:8])"
   ]
  },
  {
   "cell_type": "code",
   "execution_count": 49,
   "metadata": {},
   "outputs": [
    {
     "data": {
      "text/plain": [
       "'2925 BABY RUTH LN, #406'"
      ]
     },
     "execution_count": 49,
     "metadata": {},
     "output_type": "execute_result"
    }
   ],
   "source": [
    "x[0]"
   ]
  },
  {
   "cell_type": "code",
   "execution_count": 4,
   "metadata": {},
   "outputs": [
    {
     "data": {
      "text/plain": [
       "Index(['Booking ID', 'Customer ID', 'Customer Name', 'Space Type/number',\n",
       "       'Date', 'Start of Window', 'End of Window', 'Appointment Time',\n",
       "       'Pickup Location Name', 'Pickup Street Address', 'Zip Code',\n",
       "       'pickup city', 'pickup lat', 'pickup lon', 'Pickup Comments',\n",
       "       'Pickup Phone #', 'Dropoff Location Name', 'Drop  off street address',\n",
       "       'Dropoff Zip Code', 'drop off city', 'Dropoff lat', 'Dropoff lon',\n",
       "       'Dropoff Comments', 'Dropoff Phone #', 'Distance', 'Fare',\n",
       "       'Customer Phone #', 'Customer Comments', 'Unnamed: 28', 'Unnamed: 29',\n",
       "       'Unnamed: 30', 'Unnamed: 31', '1:00'],\n",
       "      dtype='object')"
      ]
     },
     "execution_count": 4,
     "metadata": {},
     "output_type": "execute_result"
    }
   ],
   "source": [
    "cereal_df.keys()"
   ]
  },
  {
   "cell_type": "code",
   "execution_count": 30,
   "metadata": {},
   "outputs": [
    {
     "data": {
      "text/plain": [
       "0                 2925 BABY RUTH LN, #406\n",
       "1                    2210 OAK BARREL LN, \n",
       "2                   5101 LINBAR DR, A-202\n",
       "3                   191 MOUNTAINHIGH DR, \n",
       "4                     6469 SUNNYWOOD DR, \n",
       "5                  2710 OLD MATTHEWS RD, \n",
       "6                        2414 MIDDLE ST, \n",
       "7                1730 17TH AVE. N, Apt. C\n",
       "8                    810 BELLEVUE RD, 265\n",
       "9                         532 STAR BLVD, \n",
       "10                   2200 CHILDRENS WAY, \n",
       "11                         768 ROWAN DR, \n",
